0.111
0.199
0.1
0.093
0.078
0.087
0.091
0.097
0.08
0.092
0.089
0.098
0.12
0.087
0.085
0.083
0.084
0.098
0.082
0.09
0.083
0.087
0.097
0.09
0.085
0.087
0.091
0.109
0.084
0.086
0.084
0.091
0.148
0.097
0.088
0.096
0.09
0.088
0.229
0.105
0.102
0.129
0.083
0.16
0.086
0.082
0.09
0.084
0.167
0.081
0.085
0.088
0.079
0.084
0.103
0.085
0.096
0.089
0.086
0.09
0.086
0.097
0.086
0.09
0.087
0.084
0.121
0.089
0.086
0.156
0.085
0.097
0.083
0.081
0.169
0.122
0.086
0.087
0.083
0.158
0.093
0.09
0.084
0.094
0.086
0.09
0.09
0.097
0.091
0.093
0.108
0.083
0.09
0.09
0.083
0.21
0.09
0.089
0.09
0.125
0.094
0.091
0.084
0.091
0.132
0.084
0.098
0.091
0.083
0.088
0.109
0.108
0.083
0.104
0.083
0.085
0.084
0.117
0.083
0.082
0.099
0.083
0.088
0.082
0.1
0.081
0.083
0.092
0.086
0.09
0.085
0.119
0.075
0.084
0.108
0.101
0.089
0.165
0.113
0.075
0.078
0.092
0.093
0.094
0.152
0.085
0.087
0.085
0.074
0.085
0.081
0.158
0.087
0.091
0.086
0.093
0.084
0.093
0.174
0.082
0.092
0.085
0.088
0.088
0.161
0.087
0.092
0.092
0.093
0.091
0.096
0.094
0.09
0.102
0.088
0.105
0.088
0.095
0.103
0.092
0.088
0.087
0.112
0.181
0.091
0.091
0.102
0.097
0.125
0.152
0.086
0.093
0.104
0.097
0.1
0.088
0.093
0.088
0.086
0.089
0.095
0.091
0.172
0.089
0.087
0.106
0.086
0.097
0.103
0.092
0.096
0.104
0.119
0.088
0.086
0.089
0.09
0.089
0.109
0.091
0.12
0.147
0.087
0.093
0.159
0.1
0.133
0.089
0.107
0.087
0.089
0.086
0.114
0.087
0.203
0.09
0.09
0.106
0.089
0.098
0.092
0.091
0.087
0.105
0.087
0.091
0.091
0.106
0.087
0.094
0.087
0.089
0.114
0.164
0.091
0.09
0.125
0.086
0.138
0.177
0.091
0.093
0.136
0.093
0.093
0.101
0.162
0.091
0.09
0.146
0.094
0.113
0.144
0.09
0.087
0.105
0.118
0.097
0.084
0.094
0.084
0.104
0.093
0.092
0.106
0.172
0.101
0.097
0.092
0.092
0.093
0.155
0.086
0.093
0.103
0.091
0.09
0.09
0.1
0.092
0.091
0.089
0.094
0.09
0.183
0.092
0.086
0.128
0.086
0.093
0.09
0.09
0.087
0.115
0.088
0.088
0.103
0.16
0.09
0.103
0.129
0.089
0.123
0.18
0.09
0.104
0.104
0.095
0.117
0.083
0.098
0.1
0.089
0.089
0.089
0.094
0.192
0.105
0.087
0.104
0.087
0.106
0.086
0.102
0.088
0.091
0.095
0.114
0.107
0.175
0.092
0.086
0.091
0.112
0.088
0.145
0.091
0.091
0.117
0.095
0.114
0.093
0.098
0.091
0.119
0.087
0.124
0.086
0.18
0.105
0.087
0.089
0.094
0.087
0.109
0.095
0.091
0.152
0.09
0.089
0.087
0.106
0.087
0.128
0.09
0.098
0.084
0.15
0.094
0.094
0.091
0.09
0.087
0.097
0.105
0.135
0.098
0.127
0.09
0.123
0.168
0.096
0.108
0.085
0.099
0.094
0.158
0.092
0.097
0.157
0.093
0.129
0.095
0.086
0.088
0.086
0.088
0.133
0.089
0.167
0.122
0.083
0.104
0.104
0.087
0.086
0.094
0.086
0.129
0.112
0.11
0.178
0.091
0.093
0.094
0.114
0.093
0.2
0.089
0.094
0.152
0.09
0.096
0.097
0.107
0.089
0.106
0.087
0.091
0.103
0.191
0.09
0.093
0.131
0.096
0.134
0.186
0.093
0.094
0.15
0.097
0.096
0.089
0.105
0.09
0.097
0.09
0.101
0.093
0.149
0.116
0.086
0.139
0.091
0.144
0.144
0.099
0.109
0.101
0.104
0.086
0.089
0.114
0.106
0.073
0.12
0.092
0.124
0.176
0.088
0.089
0.135
0.086
0.105
0.172
0.086
0.091
0.097
0.088
0.087
0.088
0.105
0.128
0.092
0.092
