0.105
0.085
0.084
0.083
0.081
0.082
0.09
0.084
0.073
0.083
0.084
0.081
0.078
0.081
0.08
0.082
0.08
0.084
0.087
0.083
0.09
0.107
0.087
0.085
0.087
0.086
0.081
0.09
0.083
0.096
0.083
0.082
0.096
0.088
0.083
0.087
0.085
0.221
0.087
0.086
0.113
0.08
0.084
0.085
0.088
0.083
0.08
0.09
0.084
0.099
0.078
0.088
0.08
0.086
0.112
0.087
0.116
0.083
0.11
0.071
0.084
0.103
0.078
0.08
0.083
0.094
0.08
0.09
0.085
0.09
0.081
0.086
0.088
0.084
0.079
0.084
0.082
0.087
0.083
0.09
0.087
0.083
0.088
0.081
0.083
0.085
0.082
0.089
0.087
0.083
0.075
0.089
0.087
0.079
0.083
0.086
0.085
0.075
0.1
0.085
0.083
0.077
0.106
0.084
0.084
0.112
0.08
0.13
0.091
0.082
0.086
0.079
0.076
0.079
0.087
0.081
0.079
0.083
0.082
0.083
0.09
0.083
0.089
0.076
0.078
0.09
0.108
0.078
0.08
0.084
0.081
0.082
0.083
0.092
0.082
0.112
0.081
0.085
0.08
0.081
0.08
0.083
0.087
0.084
0.092
0.093
0.081
0.076
0.079
0.088
0.085
0.098
0.097
0.081
0.084
0.09
0.08
0.072
0.081
0.129
0.079
0.073
0.077
0.084
0.076
0.076
0.092
0.081
0.082
0.104
0.086
0.084
0.083
0.08
0.082
0.088
0.078
0.079
0.085
0.094
0.082
0.089
0.086
0.093
0.093
0.09
0.083
0.078
0.095
0.079
0.082
0.082
0.09
0.119
0.084
0.106
0.082
0.08
0.082
0.085
0.08
0.091
0.093
0.097
0.078
0.079
0.079
0.094
0.099
0.084
0.081
0.101
0.08
0.084
0.086
0.081
0.083
0.088
0.087
0.082
0.083
0.093
0.078
0.087
0.085
0.091
0.091
0.083
0.083
0.087
0.087
0.09
0.091
0.079
0.075
0.1
0.085
0.094
0.073
0.184
0.079
0.085
0.08
0.075
0.094
0.079
0.222
0.08
0.088
0.077
0.09
0.089
0.083
0.079
0.081
0.082
0.082
0.175
0.088
0.137
0.081
0.082
0.084
0.082
0.086
0.08
0.08
0.08
0.094
0.143
0.085
0.078
0.089
0.077
0.08
0.09
0.151
0.081
0.112
0.212
0.104
0.092
0.108
0.081
0.098
0.085
0.093
0.084
0.152
0.097
0.084
0.094
0.101
0.082
0.095
0.109
0.094
0.085
0.106
0.08
0.11
0.086
0.085
0.093
0.088
0.105
0.089
0.078
0.089
0.108
0.101
0.092
0.093
0.104
0.096
0.095
0.079
0.084
0.095
0.083
0.081
0.089
0.088
0.151
0.079
0.094
0.082
0.093
0.083
0.086
0.094
0.084
0.099
0.086
0.159
0.091
0.09
0.087
0.09
0.089
0.078
0.084
0.115
0.138
0.087
0.133
0.088
0.092
0.082
0.144
0.089
0.089
0.087
0.092
0.095
0.087
0.089
0.083
0.078
0.098
0.088
0.077
0.09
0.093
0.086
0.098
0.086
0.089
0.09
0.131
0.083
0.107
0.078
0.094
0.099
0.081
0.128
0.088
0.079
0.078
0.101
0.081
0.092
0.079
0.082
0.079
0.083
0.127
0.082
0.08
0.085
0.091
0.082
0.079
0.087
0.087
0.084
0.083
0.102
0.087
0.143
0.082
0.072
0.11
0.092
0.085
0.076
0.084
0.077
0.088
0.077
0.081
0.087
0.086
0.082
0.078
0.09
0.088
0.079
0.082
0.122
0.083
0.078
0.088
0.088
0.141
0.083
0.092
0.088
0.085
0.11
0.079
0.075
0.092
0.086
0.077
0.083
0.12
0.079
0.074
0.084
0.092
0.075
0.08
0.079
0.09
0.082
0.09
0.082
0.081
0.081
0.082
0.111
0.083
0.084
0.073
0.083
0.078
0.081
0.083
0.084
0.088
0.078
0.081
0.086
0.092
0.098
0.078
0.089
0.096
0.084
0.082
0.092
0.082
0.1
0.097
0.084
0.084
0.117
0.077
0.086
0.092
0.081
0.138
0.082
0.089
0.087
0.159
0.089
0.098
0.091
0.093
0.08
0.143
0.081
0.085
0.079
0.08
0.085
0.1
0.091
0.085
0.081
0.187
0.08
0.081
